Latitude,Longitude
43.642865,7.1248359
43.6338587,7.1249599
43.6338559,7.1248033
43.6338232,7.1246703
43.6337793,7.1245429
43.633713,7.1244133
43.6335134,7.1241922
43.6332851,7.1239549
43.6331099,7.1237407
43.6329656,7.1235329
43.6328997,7.1234131
43.6328304,7.1232808
43.6326785,7.1228641
43.6322613,7.1216866
43.6319755,7.1206175
43.6318233,7.1200638
43.6316743,7.1196203
43.6315041,7.1192327
43.6313553,7.1189129
43.6311551,7.1185558
43.6309803,7.1182693
43.6307588,7.1179478
43.6305341,7.1176758
43.6302906,7.1174282
43.6300767,7.1172214
43.6298146,7.1170043
43.6295531,7.1168251
43.6292607,7.1166514
43.6289417,7.1164991
43.6286828,7.1164008
43.6283634,7.1163129
43.6280942,7.1162692
43.6276235,7.1162217
43.6264082,7.1161755
43.619948,7.1159486
43.6195688,7.1159291
43.6192064,7.1158997
43.6190246,7.1158785
43.6186499,7.11582
43.6183432,7.115757
43.6180003,7.115657
43.6176641,7.1155465
43.6172724,7.1153926
43.6169806,7.1152561
43.6166972,7.1151134
43.6163102,7.1149014
43.6159394,7.1146628
43.6156144,7.1144359
43.6152838,7.1141697
43.6149622,7.113891
43.6146264,7.1135646
43.6143634,7.1132985
43.6140415,7.1129305
43.6138067,7.1126421
43.6135602,7.1123065
43.6133114,7.1119446
43.6130786,7.1115775
43.6128689,7.1112346
43.612686,7.1109023
43.6125628,7.1106521
43.6124296,7.1103777
43.6122629,7.110016
43.6121064,7.1096508
43.6119622,7.1092686
43.6118134,7.1088535
43.6117139,7.1085577
43.6116378,7.1083086
43.6115091,7.1078547
43.6114038,7.1074089
43.6113013,7.106933
43.6111792,7.1062822
43.6110998,7.1057999
43.6107199,7.1035671
43.6106352,7.1030959
43.6105504,7.1026768
43.6104648,7.1022804
43.6103548,7.1018311
43.610185,7.1012368
43.61005,7.1008023
43.6099155,7.1004239
43.6097634,7.1000332
43.6096507,7.0997633
43.6092463,7.09885
43.6053222,7.0902098
43.6051743,7.0898783
43.6050437,7.089464
43.6049647,7.0892542
43.6048587,7.0889844
43.6047209,7.0886199
43.6046188,7.0882904
43.6045326,7.0879459
43.6042372,7.0864636
43.6042189,7.0863649
43.6041967,7.0862657
43.6038893,7.085339
43.6038616,7.0851914
43.603828,7.0850123
43.603819,7.0848737
43.6038117,7.0847154
43.6038192,7.0845786
43.6038431,7.0843743
43.6038563,7.0842565
43.6038858,7.0838245
43.6038994,7.0836717
43.6039264,7.0835601
43.6039619,7.083457
43.6040191,7.0833514
43.6040882,7.083261
43.6041751,7.083169
43.6044086,7.0830078
43.6047377,7.0827823
43.6050645,7.0825601
43.6051508,7.0824683
43.6052041,7.0823942
43.6052831,7.0822803
43.6053658,7.082191
43.6054545,7.0821162
43.6055492,7.0820389
43.6056949,7.0819613
43.6058305,7.0819169
43.60609,7.081866
43.6064492,7.0818105
43.6066888,7.0817731
43.607074,7.0818088
43.6075091,7.0819004
43.6081973,7.0820433
43.6085993,7.0821151
43.6088668,7.0821476
43.6091097,7.0821664
43.6093635,7.0821796
43.6096442,7.0821269
43.6098834,7.0820537
43.610114,7.0819595
43.6103107,7.0818284
43.6105559,7.0816453
43.610746,7.0814519
43.6109593,7.0811767
43.6111599,7.0808157
43.6113442,7.0804399
43.611505,7.0799475
43.6115632,7.0797628
43.6117886,7.0789862
43.6118255,7.078882
43.61186,7.0788039
43.6119012,7.0787385
43.611927,7.0787055
43.6119753,7.07872
43.6120247,7.0787178
43.6120722,7.0786988
43.6121149,7.0786643
43.6122396,7.0786835
43.6123511,7.0786985
43.6124352,7.0787378
43.612508,7.0787934
43.6126561,7.0789227
43.6129701,7.0792136
43.6134761,7.0796768
43.6137226,7.0798769
43.6140525,7.0801168
43.6142567,7.0802402
43.6144407,7.0803428
43.6148904,7.0806037
43.614915,7.0806184
43.6149792,7.080659
43.6150306,7.0807055
43.6150569,7.0807733
43.615096,7.0808278
43.6151448,7.0808647
43.6151991,7.0808808
43.6152525,7.0808754
43.6153027,7.08085
43.6153459,7.0808065
43.6153788,7.0807483
43.6154007,7.0806688
43.6154042,7.0805984
43.6153943,7.0805292
43.6153715,7.080466
43.615343,7.0804201
43.6153078,7.0803842
43.6152676,7.0803603
43.6152452,7.0802821
43.6152316,7.0801977
43.6152203,7.0800797
43.6152131,7.0798422
43.615242,7.0794278
43.6153158,7.0790597
43.6153422,7.0789693
43.6154015,7.0787669
43.6154998,7.0785288
43.6155928,7.0783482
43.6159538,7.077713
43.6160462,7.0775302
43.6161205,7.0773325
43.6163012,7.0767765
43.6165559,7.0759647
43.6167108,7.0756513
43.6168164,7.0754621
43.6169112,7.0752625
43.6169386,7.0751766
43.6169764,7.0750324
43.6170113,7.0748745
43.6170254,7.0748272
43.6170416,7.074766
43.6170934,7.074738
43.6171439,7.0746902
43.6171866,7.0746334
43.6172197,7.0745769
43.6172352,7.074548
43.6172514,7.0745155
43.6172831,7.0744083
43.6172901,7.0743844
43.6173171,7.0742447
43.6173298,7.0741144
43.6173308,7.0740098
43.6173213,7.0739164
43.6173016,7.0738239
43.6172764,7.073757
43.6172466,7.0736968
43.6172313,7.0736028
43.6172194,7.0735248
43.6172152,7.0734043
43.6172196,7.073262
43.6172376,7.0731153
43.6172667,7.0729805
43.6173139,7.0728295
43.6175286,7.0722253
43.6175994,7.0718933
43.6176272,7.0715949
43.6176207,7.0713929
43.6175909,7.0710919
43.6175841,7.0710234
43.6175774,7.0709246
43.6175735,7.070865
43.6176122,7.0707973
43.6176337,7.0707162
43.6176372,7.0706556
43.617633,7.0706158
43.6176308,7.0705954
43.6176149,7.0705386
43.6176301,7.070466
43.6176556,7.0703513
43.6177093,7.0701728
43.6177426,7.0700212
43.6178843,7.0695128
43.6179458,7.0693195
43.6180091,7.0691512
43.6181176,7.0689077
43.6182258,7.0686737
43.6183335,7.0684637
43.6185512,7.0680944
43.6188065,7.067669
43.619747,7.0661791
43.6197987,7.0660979
43.6201919,7.0654676
43.6206546,7.0647118
43.6207459,7.0645516
43.6207956,7.064388
43.6208647,7.0640608
43.620874,7.0640232
43.6209288,7.0639965
43.6209741,7.0639465
43.6210001,7.0638934
43.621015,7.0638328
43.6210178,7.0637689
43.6211122,7.063664
43.6211447,7.0636296
43.6214026,7.0634437
43.6216693,7.0632006
43.6218265,7.0630573
43.6219423,7.0629648
43.6220076,7.0629106
43.6224424,7.062576
43.6225788,7.062493
43.6229831,7.0622839
43.6230656,7.0621993
43.6231409,7.0621095
43.6232429,7.0619551
43.6232814,7.0618946
43.6233746,7.0615962
43.6236574,7.0607718
43.6236763,7.0607214
43.6236974,7.0606612
43.623738,7.0605424
43.6237921,7.0603838
43.6238611,7.0601925
43.623881,7.0601101
43.6239116,7.0601177
43.6239426,7.0601164
43.6239728,7.0601061
43.6240007,7.0600873
43.6240252,7.0600609
43.6240452,7.060028
43.6240597,7.0599901
43.6240682,7.0599489
43.6240703,7.0599054
43.6240656,7.0598623
43.6240545,7.0598215
43.6240373,7.0597849
43.6240149,7.0597542
43.6239883,7.0597308
43.623962,7.0597156
43.6239797,7.059606
43.6240849,7.0588928
43.624103,7.0588249
43.6241583,7.058658
43.6242307,7.058528
43.6243211,7.0584151
43.6245606,7.0581759
43.6246717,7.0580162
43.6247513,7.0578262
43.624774,7.0576861
43.6247751,7.0575526
43.6247641,7.0574259
43.6247469,7.057313
43.6247418,7.0572728
43.6247286,7.057219
43.6247593,7.0571976
43.6247858,7.0571674
43.6248069,7.0571298
43.6248214,7.0570867
43.6248294,7.057024
43.6249111,7.0568513
43.6251395,7.0565928
43.6253024,7.0564239
43.6254819,7.0562663
43.6264401,7.0555397
43.6265469,7.0554522
43.6266206,7.0553812
43.6266856,7.0552954
43.6267329,7.0552023
43.6267741,7.0550682
43.6267969,7.0549326
43.6269009,7.0541405
43.6269068,7.0540975
43.6269227,7.0539782
43.6269466,7.0537986
43.6269537,7.0537454
43.6269736,7.0535966
43.6269947,7.0534382
43.6270268,7.053197
43.6270588,7.0530324
43.6270557,7.0528795
43.6270226,7.0527186
43.6269901,7.0526215
43.6269667,7.0525578
43.6269711,7.0525178
43.62697,7.0524774
43.6270159,7.0523857
43.627075,7.0522834
43.6271375,7.0522727
43.6271811,7.0522668
43.6272203,7.0522762
43.6272696,7.0522989
43.6273156,7.0523292
43.6273516,7.052371
43.6273753,7.0524205
43.6274193,7.0525209
43.6275022,7.0527155
43.6275711,7.0528874
43.6276066,7.0529507
43.6276454,7.0530048
43.6276949,7.0530546
43.6277258,7.0530768
43.6277533,7.0530797
43.6277826,7.0530726
43.6278096,7.0530516
43.6278402,7.0530073
43.6278526,7.0529872
43.627923,7.0526221
43.6279616,7.0524084
43.6279882,7.0522555
43.6279978,7.0522073
43.6280265,7.0519792
43.6280427,7.0518011
43.6280441,7.0516037
43.628029,7.0513884
43.628004,7.0511486
43.6279783,7.0509706
43.6279346,7.0507655
43.6278976,7.0506268
43.6278653,7.0505173
43.6276791,7.0499923
43.6275638,7.0496695
43.6275148,7.0495326
43.6274664,7.0493971
43.6273671,7.0491191
43.6273469,7.0490626
43.6272615,7.0488454
43.6272253,7.0487702
43.6272019,7.0487273
43.6270784,7.0485649
43.6270262,7.0485059
43.6269632,7.0484481
43.6268065,7.0483338
43.6266546,7.0482146
43.6265795,7.0481516
43.626495,7.0480633
43.626414,7.0479638
43.6263233,7.0478135
43.6259633,7.0471789
43.6258832,7.0470083
43.6258202,7.0468273
43.6257776,7.0466287
43.6257587,7.0464911
43.6257495,7.0462962
43.6257545,7.0461649
43.6257661,7.0460352
43.6257922,7.0458835
43.6258329,7.0457324
43.6259127,7.045486
43.626006,7.0452521
43.6260408,7.0451639
43.6261016,7.0450216
43.6261636,7.0448974
43.6262468,7.0447545
43.6262627,7.0447273
43.6264413,7.044471
43.6265659,7.0443312
43.6267056,7.044207
43.6269034,7.0440593
43.6270148,7.0439901
43.6272277,7.0438841
43.6273328,7.0438112
43.6274218,7.0437238
43.6274831,7.0436376
43.6275359,7.0435324
43.6275816,7.0433424
43.6275987,7.0432114
43.6276051,7.0431275
43.6276185,7.0429532
43.6276374,7.0428075
43.6276633,7.042699
43.6277117,7.0425776
43.6277775,7.0424715
43.6278285,7.0424134
43.6279363,7.0423201
43.6285022,7.0419318
43.6288539,7.0416872
43.628983,7.0415541
43.6290763,7.041381
43.629149,7.0411587
43.6291853,7.0409099
43.629232,7.0407935
43.6292624,7.0408238
43.6292977,7.0408408
43.6293351,7.040843
43.6293714,7.0408304
43.6294035,7.040804
43.62943,7.0407635
43.6294464,7.0407139
43.6294512,7.0406597
43.629444,7.040606
43.6294253,7.0405579
43.6293987,7.0405216
43.6293657,7.0404973
43.629329,7.040487
43.6292917,7.0404918
43.629257,7.040511
43.6292277,7.0405433
43.62911,7.0403801
43.6290097,7.040178
43.6288824,7.0398182
43.6288607,7.0397572
43.6286982,7.0393089
43.6286549,7.0391266
43.6286272,7.0389555
43.6286114,7.0386729
43.6286237,7.0382834
43.6286125,7.0380605
43.6285948,7.0378673
43.6285608,7.0375392
43.6285459,7.0371752
43.6285411,7.0367642
43.6285289,7.0366772
43.628508,7.0365995
43.628468,7.0364959
43.6284177,7.03639
43.628366,7.0363224
43.6283283,7.0362729
43.6283054,7.0362565
43.6282439,7.0361988
